$ANSIBLE_VAULT;1.1;AES256
64613632333366343736396338313064373031386133633633393766306362623934313366666636
6561323538386539663639393332356361623436633832610a613265353333333232313463333465
63373839393637626335613161653130663033353238383936336432363866383931323438386166
3938376435643733300a303131633138383135303938343736656466343138323433376331303561
65393339366232616336653135646530373235366661363063373737633439616566316332613431
64633461323839323265326437616366356162383135306530633264353235633266616461313137
37613337633133633533653833653164626462386465313332386134353663346365313739633535
65653537306534343664396139643732646430393933313335366262343038303062646339333230
39383330346265616231383361643131373637316630313632663836363136343062373466623836
63373065653162643463313433363632343831363736363138656364653338393163316437313862
32646639313739643465383134623966643736346430353233366365633332336431613734316534
61613634386134333938663966336235613736316332333962333037386631613731613336333265
63666465306537656363333536623437666637656333343036323430666530336362326562393933
61613330386639356634666131616338376435363761336432366136373664386139336539636434
36333235306534366430353537336134356166666636663535336435353736653535386464666461
61326535623061633733643936626333393462336139643464316132626664623234646461613830
64343162346636353033346238633430333166396135633734396665663065646332336564306138
31636539306538373235363337616138336166663562616563633339343262636561383039333932
38343534613264666565303534383932343938656165353962646266303838363535383833373133
35666361336639326230616464633234303065306531636535303662373535313631353230343530
61313530353237636438663366636661633835306365663236613336313462346637336639646366
65343635323832346230343461623863656333613165393734356630303437646333393336383663
36306561333036373931623739653666346263663339656431343665373432616436613665663239
33323232613063383638313163393337353166366634356231653033366237323065663139633532
36353765393535646438343261303962303235636463656130303662353664303062656466613438
63313831396436376565353036653866333061383631383635656334366531326633386530633932
31386562376161336238346362366332636465306161316439613861376465356261633064626165
63623939363737636130366438623862383337363266376432313836306139386633336130333535
36323935616565396666383065333164333039643337396264393663666366383639336530656334
63376666643865616533336665306464336665643865663739633834333938633966333131303063
65636538343962613630393763366338613837376339666362653937623936323832623432356536
62393933646161613065653132363631613730363338633537653730323264626131633064393636
30323939623037653865343236363163356537626362656431313736326264313632653036383565
30383765633734346564303165333235376164633233386134313762373339336631343261613430
34623932626365646434663464376630393133663839393536636366666337343931356631343930
66356366353565383539616532636566356134613730346236393938353638613062613536303338
30376132316138353961343866643337613266356539616538343032393132666334306662363435
35653530616337353234383738333864656231363162336432363165303734623136313537316162
39343035323763663762303561663062656664653963333862373432663138316436396465356534
38393362303931383866323565343433316464386564363262613565373039363731326561363034
37326232653061653039353063623232323433353137663835386332383334643932306538303336
34626238636131306663666266363832623466336164303637646337656139396365643965633832
30303362663738643031363531663563363531343130343430656665613830393530393733313863
32373663386230333938363931313539303330643532626463653964373733613234653665613365
36626136333063653038613666636461623164623061623766363064316434336438323038343335
63653932386234653032316362393662626462303761656536653363333533366563666133663339
33633066303033333161326430333966646532336337316465336661346162353064316661653764
64316337353463333834613963396332333463626433633330366232666434306536343865633664
30393132323861386362346130653265303835336134383838393138616335613634363739633730
34666335343732663137353835313765653631653336656561326534643161376266393932633631
35356633623462663335313663373437383330333538363638646332306663646664343439666565
31643363373338306363323932383430396533306461383737363434333130636633363764656433
62613163633561373462373839653931626163313362383666616361323731616663363336396338
39366230303338613335646633663831313938643034636239373562323866633463393066633737
63353861653063613231393439333564333466393763313665396366663366666238343665353138
30643865313831323163363761343963363763623263323730353938623636323533346366393837
30393364653038623965656436316630663166303062333866376532376139623033366563343934
34333034383164323061303839303631363862386464343431353165393034633630333134663637
61663263303265363034386665623261623632663630336136616463346163363136363762333665
64613163313331383931323436303730623564323762626538366366326362313532303361366331
61306464333030313562643962396237343235656335323036383032626333613562653934353037
61303763316464316434623232643335356230363262623465666335323531613634346161323036
63633938393936373832313138333634636430616537616130333461636535306133333036383932
33633630363139663831396439393461353536313730323838336663383437353765376661646635
64353830663664383131386331623230306561396637363731623131613232653062353737386635
64326663643466613661613637356635633630376334316261646361343665363931643566316464
36313039373037303630346137663465353164336264636463383939386463336537323838653331
66386338346535396437616362316362383963396537633966323038663164326462643434303137
30353334656266343861313162643964363061366238346366386134313463393763303531366333
65316666646230376266643762656339393537366331326362643164393861646534653237643561
64323738346662316461323766383734303834626361396665376662313936333434393665356161
31663630373532633630376562653931613231316234653230323333656231333862376432663237
34626666616238623862323532616233643832323133656261373234636639396664633266623038
30393139303166373336306137653235613134323230323031343135393866643439636235323235
65386365616465666165653739363538383139613231353436623564373536663838663439323064
38656439626339336136633163663931653038353462636131626236613331396662653439333665
64383734616330643632343863623231366661356639666464613261376232643063646465646538
34373061613962346263303532643937633766663931336234393264303538333765373264373031
35306235656264383430373564663138386263643037663537313262356130376136326430306334
39303164313933396431373237323535313164366439383336386632306237343233383433643631
63393730616535326231303933613536663438366133373038336432366332323531326632373836
32373763386137653534333337353063653132393630353865353863373462363366663163386536
38656238616137383434373466613532653035333861643232666363343464306433626433366232
39326632626538306232393364613739636533326466386462626237623239326535653066383936
61363336313834356266346362663931386438316264663365306437616336353862373262613461
33363230383438376631393737303364343265656339653334633662323163353661373130626263
63643866376663376565653263333934313361353463303934643533373930376439303133383532
63666431613131323734
